0.076365
0.0213897
0.00849609
0.00342629
0.00140524
0.000607377
0.000286264
0.00015784
0.000102279
7.0476e-05
4.76341e-05
3.30369e-05
2.408e-05
1.77643e-05
1.28811e-05
9.70961e-06
7.66078e-06
6.09654e-06
4.84697e-06
4.01035e-06
3.35152e-06
2.73645e-06
2.28146e-06
1.99675e-06
1.72673e-06
1.43736e-06
1.23844e-06
1.11066e-06
1.00024e-06
9.0217e-07
0
0
0
0
0
0
0
0
0
0
0
0
0
0
0
0
0
0
0
0
0
0
0
0
0
0
0
0
0
0
0
0
0
0
0
0
0
0
0
0
0
0
0
0
0
0
0
0
0
0
0
0
0
0
0
0
0
0
0
0
0
0
0
0
0
0
0
0
0
0
0
0
0
0
0
0
0
0
0
0
0
0
0
0
0
0
0
0
0
0
0
0
0
0
0
0
0
0
0
0
0
0
0
0
0
0
0
0
0
0
0
0
0
0
0
0
0
0
0
0
0
0
0
0
0
0
0
0
0
0
0
0
0
0
0
0
0
0
0
0
0
0
0
0
0
0
0
0
0
0
0
0
0
0
0
0
0
0
0
0
0
0
0
0
0
0
0
0
0
0
0
0
0
0
0
0
0
0
0
0
0
0
0
0
0
0
0
0
0
0
0
0
0
0
0
0
0
0
0
0
0
0
0
0
0
0
0
0
0
0
0
0
0
0
0
0
0
0
0
