0.815162
0.518337
0.315073
0.191954
0.121589
0.0809595
0.056916
0.0418725
0.0315954
0.0242191
0.0188951
0.0149829
0.0120083
0.00969948
0.00789511
0.00645837
0.00529506
0.00435792
0.00360873
0.00299958
0.00249444
0.00207547
0.00173033
0.00144565
0.00121052
0.00101636
0.000854183
0.000718002
0.000604684
0.000510835
0.000432621
0.00036736
0.000313055
0.000267888
0.00023029
0.000199147
0.000173406
0.000151968
0.000133959
0.000118789
0.00010596
9.49795e-05
8.5507e-05
7.72707e-05
7.00373e-05
6.36132e-05
5.7897e-05
5.2803e-05
4.82343e-05
4.41184e-05
4.04298e-05
3.71267e-05
3.41662e-05
3.1519e-05
2.91593e-05
2.7054e-05
2.51683e-05
2.34757e-05
2.19479e-05
2.05472e-05
1.92511e-05
1.80424e-05
1.6904e-05
1.5824e-05
1.47984e-05
1.3824e-05
1.28978e-05
1.20231e-05
1.12058e-05
1.0448e-05
9.74837e-06
9.10939e-06
8.53386e-06
8.01959e-06
7.5608e-06
7.15105e-06
6.78312e-06
6.44877e-06
6.14223e-06
5.85806e-06
5.59193e-06
5.33877e-06
5.09632e-06
4.86178e-06
4.6333e-06
4.40988e-06
4.19247e-06
3.9831e-06
3.78277e-06
3.59373e-06
3.41775e-06
3.25482e-06
3.10419e-06
2.96479e-06
2.83554e-06
2.71505e-06
2.60197e-06
2.49507e-06
2.39272e-06
2.29354e-06
2.19706e-06
2.10315e-06
2.01201e-06
1.92388e-06
1.8397e-06
1.76023e-06
1.68612e-06
1.61779e-06
1.55549e-06
1.49897e-06
1.44767e-06
1.40103e-06
1.35822e-06
1.31806e-06
1.27957e-06
1.24192e-06
1.20426e-06
1.16592e-06
1.12637e-06
1.0854e-06
1.04304e-06
9.99666e-07
0
0
0
0
0
0
0
0
0
0
0
0
0
0
0
0
0
0
0
0
0
0
0
0
0
0
0
0
0
0
0
0
0
0
0
0
0
0
0
0
0
0
0
0
0
0
0
0
0
0
0
0
0
0
0
0
0
0
0
0
0
0
0
0
0
0
0
0
0
0
0
0
0
0
0
0
0
0
0
0
0
0
0
0
0
0
0
0
0
0
0
0
0
0
0
0
0
0
0
0
0
0
0
0
0
0
0
0
0
0
0
0
0
0
0
0
0
0
0
0
0
0
0
0
0
0
0
