0.960138
0.868639
0.742665
0.602309
0.46962
0.35943
0.275875
0.215511
0.170478
0.135812
0.109613
0.0897359
0.0742497
0.062049
0.0524587
0.0447439
0.0383495
0.0330565
0.028716
0.0251226
0.0220764
0.019477
0.0172529
0.0153289
0.0136534
0.0122005
0.010937
0.00982092
0.00883082
0.00795703
0.00718275
0.00648852
0.0058667
0.00531348
0.00481804
0.00437004
0.00396647
0.00360462
0.00327762
0.00298117
0.0027137
0.00247179
0.00225115
0.00205017
0.00186811
0.00170266
0.00155172
0.00141453
0.00129057
0.00117825
0.00107594
0.000983076
0.00089899
0.000822347
0.000752261
0.000688586
0.000630777
0.000578015
0.000529919
0.00048628
0.000446631
0.000410513
0.000377742
0.000348071
0.000321014
0.000296256
0.000273749
0.000253348
0.000234793
0.000217926
0.000202627
0.000188706
0.000175965
0.000164328
0.000153723
0.000144022
0.000135115
0.000126956
0.00011948
0.000112592
0.000106225
0.000100341
9.48951e-05
8.98233e-05
8.50917e-05
8.06911e-05
7.65924e-05
7.27549e-05
6.9158e-05
6.57896e-05
6.26208e-05
5.96286e-05
5.68073e-05
5.41521e-05
5.1647e-05
4.9278e-05
4.70435e-05
4.4937e-05
4.29437e-05
4.10562e-05
3.92775e-05
3.76033e-05
3.60231e-05
3.45334e-05
3.31304e-05
3.18064e-05
3.05533e-05
2.93701e-05
2.8256e-05
2.72048e-05
2.62096e-05
2.52678e-05
2.43762e-05
2.35279e-05
2.27186e-05
2.19468e-05
2.12104e-05
2.05045e-05
1.98262e-05
1.91745e-05
1.85458e-05
1.79358e-05
1.73433e-05
1.67689e-05
1.6211e-05
1.56676e-05
1.51388e-05
1.46248e-05
1.41238e-05
1.36343e-05
1.31578e-05
1.2695e-05
1.22453e-05
1.18092e-05
1.13885e-05
1.09838e-05
1.05945e-05
1.0221e-05
9.86444e-06
9.52524e-06
9.20279e-06
8.89723e-06
8.60863e-06
8.33557e-06
8.07665e-06
7.83198e-06
7.60149e-06
7.38406e-06
7.17872e-06
6.98479e-06
6.80095e-06
6.62578e-06
6.45875e-06
6.29947e-06
6.14688e-06
5.99989e-06
5.85791e-06
5.72026e-06
5.5862e-06
5.45549e-06
5.32811e-06
5.20358e-06
5.08127e-06
4.96096e-06
4.84254e-06
4.72571e-06
4.61031e-06
4.49663e-06
4.38494e-06
4.27512e-06
4.16716e-06
4.06132e-06
3.95776e-06
3.8564e-06
3.75748e-06
3.66146e-06
3.5685e-06
3.47852e-06
3.39162e-06
3.308e-06
3.22755e-06
3.15012e-06
3.07574e-06
3.00438e-06
2.93579e-06
2.86976e-06
2.8063e-06
2.74528e-06
2.68639e-06
2.62939e-06
2.57413e-06
2.52037e-06
2.46782e-06
2.41636e-06
2.36595e-06
2.31643e-06
2.26764e-06
2.21955e-06
2.17216e-06
2.1254e-06
2.07921e-06
2.03367e-06
1.98887e-06
1.94481e-06
1.90153e-06
1.85919e-06
1.81788e-06
1.77763e-06
1.73855e-06
1.70083e-06
1.66454e-06
1.62968e-06
1.59628e-06
1.56437e-06
1.53388e-06
1.50477e-06
1.47705e-06
1.45069e-06
1.4256e-06
1.40165e-06
1.37879e-06
1.35688e-06
1.33578e-06
1.31532e-06
1.29542e-06
1.27597e-06
1.25681e-06
1.23786e-06
1.21906e-06
1.20033e-06
1.18154e-06
1.16259e-06
1.14342e-06
1.12396e-06
1.10413e-06
1.08394e-06
1.06346e-06
1.04271e-06
1.0217e-06
1.0005e-06
9.79206e-07
0
0
0
0
0
0
0
0
