0.418891
0.151914
0.0720421
0.0385234
0.0229309
0.014629
0.00969431
0.00652275
0.0044339
0.00305954
0.00214792
0.00151482
0.00107009
0.000759929
0.000545801
0.000395181
0.000288923
0.000215457
0.00016514
0.00013027
0.000105254
8.64824e-05
7.18458e-05
6.00124e-05
5.02396e-05
4.21943e-05
3.56299e-05
3.03652e-05
2.61929e-05
2.28511e-05
2.00752e-05
1.76609e-05
1.54878e-05
1.35091e-05
1.1758e-05
1.02476e-05
8.99842e-06
7.99317e-06
7.18805e-06
6.52194e-06
5.94287e-06
5.41135e-06
4.91046e-06
4.44174e-06
4.01629e-06
3.64178e-06
3.31891e-06
3.04155e-06
2.79693e-06
2.5722e-06
2.35794e-06
2.15488e-06
1.96945e-06
1.80831e-06
1.67471e-06
1.56437e-06
1.47119e-06
1.38747e-06
1.30497e-06
1.21703e-06
1.12188e-06
1.02415e-06
9.34394e-07
0
0
0
0
0
0
0
0
0
0
0
0
0
0
0
0
0
0
0
0
0
0
0
0
0
0
0
0
0
0
0
0
0
0
0
0
0
0
0
0
0
0
0
0
0
0
0
0
0
0
0
0
0
0
0
0
0
0
0
0
0
0
0
0
0
0
0
0
0
0
0
0
0
0
0
0
0
0
0
0
0
0
0
0
0
0
0
0
0
0
0
0
0
0
0
0
0
0
0
0
0
0
0
0
0
0
0
0
0
0
0
0
0
0
0
0
0
0
0
0
0
0
0
0
0
0
0
0
0
0
0
0
0
0
0
0
0
0
0
0
0
0
0
0
0
0
0
0
0
0
0
0
0
0
0
0
0
0
0
0
0
0
0
0
0
0
0
0
0
0
0
0
0
0
0
0
0
0
0
0
0
0
0
0
0
0
