0.079851
0.0188923
0.00774258
0.0035311
0.00171541
0.000896397
0.000547272
0.000367948
0.000262596
0.00019421
0.000143645
0.000106707
8.17372e-05
6.50393e-05
5.35723e-05
4.46205e-05
3.66111e-05
3.00083e-05
2.51785e-05
2.17264e-05
1.89398e-05
1.64078e-05
1.40305e-05
1.2173e-05
1.088e-05
9.56102e-06
7.17871e-06
5.07071e-06
3.0955e-06
1.40969e-06
7.75495e-07
4.41286e-07
3.20539e-07
2.51916e-07
1.96283e-07
1.64646e-07
1.437e-07
1.27614e-07
1.16125e-07
1.0662e-07
9.84041e-08
9.14559e-08
8.59904e-08
8.18889e-08
7.79804e-08
7.36247e-08
6.96531e-08
6.67058e-08
6.4372e-08
6.21645e-08
5.99232e-08
5.77941e-08
5.54714e-08
5.34239e-08
5.19983e-08
5.05679e-08
4.92508e-08
4.82197e-08
4.72965e-08
4.63768e-08
4.57381e-08
4.54634e-08
4.54858e-08
4.57539e-08
4.65125e-08
4.78641e-08
4.94714e-08
5.10993e-08
5.29497e-08
5.55053e-08
5.89033e-08
6.2776e-08
6.6568e-08
7.04986e-08
7.53926e-08
8.19507e-08
8.9318e-08
9.64604e-08
1.03288e-07
1.0979e-07
1.14206e-07
1.17101e-07
1.19656e-07
1.21615e-07
1.22832e-07
1.23054e-07
1.22236e-07
1.20805e-07
1.19537e-07
1.18216e-07
1.16681e-07
1.13997e-07
1.10099e-07
1.06692e-07
1.03552e-07
9.96825e-08
9.42458e-08
8.87224e-08
8.29723e-08
7.67223e-08
7.00807e-08
6.4013e-08
5.95694e-08
5.57124e-08
5.2161e-08
4.82454e-08
4.44905e-08
4.10227e-08
3.67659e-08
3.23549e-08
2.74435e-08
2.26576e-08
1.89377e-08
1.61577e-08
1.34946e-08
1.09745e-08
8.99818e-09
7.63179e-09
7.63179e-09
7.63179e-09
7.63179e-09
7.63179e-09
7.63179e-09
7.63179e-09
7.63179e-09
7.63179e-09
7.63179e-09
7.63179e-09
7.63179e-09
7.63179e-09
7.63179e-09
7.63179e-09
7.63179e-09
7.63179e-09
7.63179e-09
7.63179e-09
7.63179e-09
7.63179e-09
7.63179e-09
7.63179e-09
7.63179e-09
7.63179e-09
7.63179e-09
7.63179e-09
7.63179e-09
7.63179e-09
7.63179e-09
7.63179e-09
7.63179e-09
7.63179e-09
7.63179e-09
7.63179e-09
7.63179e-09
7.63179e-09
7.63179e-09
7.63179e-09
7.63179e-09
7.63179e-09
7.63179e-09
7.63179e-09
7.63179e-09
7.63179e-09
7.63179e-09
7.63179e-09
7.63179e-09
7.63179e-09
7.63179e-09
7.63179e-09
7.63179e-09
7.63179e-09
7.63179e-09
7.63179e-09
7.63179e-09
7.63179e-09
7.63179e-09
7.63179e-09
7.63179e-09
7.63179e-09
7.63179e-09
7.63179e-09
7.63179e-09
7.63179e-09
7.63179e-09
7.63179e-09
7.63179e-09
7.63179e-09
7.63179e-09
7.63179e-09
7.63179e-09
7.63179e-09
7.63179e-09
7.63179e-09
7.63179e-09
7.63179e-09
7.63179e-09
7.63179e-09
7.63179e-09
7.63179e-09
7.63179e-09
