0.432253
0.138738
0.0602472
0.0310765
0.0181685
0.0113846
0.00757768
0.00533978
0.00392203
0.00296168
0.00228969
0.00180573
0.00144937
0.00118105
0.000976143
0.000816127
0.000688013
0.000584109
0.000499626
0.000430501
0.000373283
0.000325729
0.000285708
0.000251556
0.000222198
0.000197007
0.000175348
0.000156579
0.00014027
0.000125956
0.000113285
0.00010208
9.21943e-05
8.34608e-05
7.56847e-05
6.8738e-05
6.2537e-05
5.70063e-05
5.20551e-05
4.76291e-05
4.36639e-05
4.00922e-05
3.68657e-05
3.39599e-05
3.13437e-05
2.89757e-05
2.68374e-05
2.4909e-05
2.31669e-05
2.15846e-05
2.01454e-05
1.88379e-05
1.7648e-05
1.65624e-05
1.5574e-05
1.46702e-05
1.38401e-05
1.30765e-05
1.23757e-05
1.1731e-05
1.11357e-05
1.05857e-05
1.00779e-05
9.60695e-06
9.16871e-06
8.76001e-06
8.37918e-06
8.02317e-06
7.68955e-06
7.37723e-06
7.08362e-06
6.80609e-06
6.54318e-06
6.29404e-06
6.05745e-06
5.83231e-06
5.61789e-06
5.41334e-06
5.21763e-06
5.02965e-06
4.84932e-06
4.67655e-06
4.51112e-06
4.35275e-06
4.20077e-06
4.05454e-06
3.91327e-06
3.7768e-06
3.6451e-06
3.51832e-06
3.3963e-06
3.27909e-06
3.16649e-06
3.05807e-06
2.95364e-06
2.85342e-06
2.75743e-06
2.66529e-06
2.57677e-06
2.49184e-06
2.41057e-06
2.33295e-06
2.25896e-06
2.18855e-06
2.12151e-06
2.05747e-06
1.99621e-06
1.9376e-06
1.88163e-06
1.82826e-06
1.77751e-06
1.72924e-06
1.68309e-06
1.63884e-06
1.59646e-06
1.55588e-06
1.51703e-06
1.47978e-06
1.44406e-06
1.4097e-06
1.37654e-06
1.34455e-06
1.31373e-06
1.284e-06
1.25526e-06
1.22746e-06
1.20053e-06
1.17434e-06
1.14882e-06
1.1239e-06
1.09954e-06
1.07567e-06
1.05232e-06
1.02952e-06
1.00729e-06
9.85592e-07
9.64374e-07
9.43609e-07
9.23215e-07
9.03148e-07
8.83426e-07
8.64088e-07
8.45163e-07
8.2663e-07
8.08487e-07
7.90714e-07
7.73336e-07
7.5638e-07
7.39894e-07
7.2388e-07
7.08355e-07
6.933e-07
6.78712e-07
6.64541e-07
6.50784e-07
6.37484e-07
6.24647e-07
6.12256e-07
6.00292e-07
5.88756e-07
5.77611e-07
5.66814e-07
5.56358e-07
5.46234e-07
5.36422e-07
5.26911e-07
5.17704e-07
5.08772e-07
5.00084e-07
4.91631e-07
4.83412e-07
4.7541e-07
4.67595e-07
4.59972e-07
4.52542e-07
4.45303e-07
4.38234e-07
4.31315e-07
4.24528e-07
4.17841e-07
4.11246e-07
4.0475e-07
3.98354e-07
3.92039e-07
3.85793e-07
3.7962e-07
3.73518e-07
3.67486e-07
3.61532e-07
3.55664e-07
3.49863e-07
3.44107e-07
3.38398e-07
3.32751e-07
3.2718e-07
3.21693e-07
3.16299e-07
3.10994e-07
3.05777e-07
