0.159872
0.0410259
0.0187728
0.00994726
0.00584127
0.00368353
0.00244636
0.00168812
0.00119864
0.000873571
0.000653687
0.000499552
0.000390864
0.000313337
0.000257244
0.000215328
0.000182654
0.000156692
0.00013543
0.0001177
0.000102513
8.95191e-05
7.83923e-05
6.89252e-05
6.08657e-05
5.40142e-05
4.81637e-05
4.32551e-05
3.90766e-05
3.55023e-05
3.23899e-05
2.96271e-05
2.71537e-05
2.49183e-05
2.28983e-05
2.10588e-05
1.93807e-05
1.78626e-05
1.64975e-05
1.52757e-05
1.4186e-05
1.3213e-05
1.23419e-05
1.1558e-05
1.08463e-05
1.01917e-05
9.57635e-06
8.9933e-06
8.44801e-06
7.94081e-06
7.46813e-06
7.02897e-06
6.62216e-06
6.2502e-06
5.90777e-06
5.59125e-06
5.30102e-06
5.0338e-06
4.78546e-06
4.55153e-06
4.32804e-06
4.10137e-06
3.82844e-06
3.4156e-06
2.8246e-06
2.33054e-06
2.01593e-06
1.6576e-06
1.30824e-06
1.05224e-06
8.82584e-07
7.77056e-07
6.9387e-07
6.225e-07
5.58943e-07
5.0816e-07
4.73601e-07
4.45781e-07
4.23961e-07
4.01611e-07
3.78862e-07
3.57604e-07
3.35849e-07
3.16745e-07
2.99443e-07
2.83938e-07
2.71647e-07
2.60816e-07
2.51293e-07
2.42789e-07
2.3411e-07
2.25735e-07
2.1787e-07
2.10495e-07
2.0405e-07
1.98009e-07
1.92133e-07
1.86716e-07
1.81408e-07
1.76037e-07
1.70953e-07
1.66036e-07
1.61341e-07
1.57132e-07
1.53318e-07
1.49745e-07
1.46289e-07
1.4283e-07
1.39262e-07
1.35626e-07
1.32029e-07
1.2851e-07
1.25194e-07
1.22176e-07
1.19402e-07
1.1689e-07
1.14631e-07
1.12461e-07
1.10274e-07
1.08083e-07
1.05849e-07
1.03553e-07
1.01296e-07
9.91949e-08
9.7192e-08
9.51539e-08
9.28605e-08
8.99473e-08
8.60618e-08
8.18723e-08
7.81138e-08
7.3232e-08
6.59909e-08
5.94229e-08
4.96627e-08
3.74437e-08
3.01109e-08
2.41643e-08
2.03606e-08
1.6886e-08
1.47411e-08
1.2869e-08
1.15155e-08
1.02124e-08
9.25023e-09
9.25023e-09
9.25023e-09
9.25023e-09
9.25023e-09
9.25023e-09
9.25023e-09
9.25023e-09
9.25023e-09
9.25023e-09
9.25023e-09
9.25023e-09
9.25023e-09
9.25023e-09
9.25023e-09
9.25023e-09
9.25023e-09
9.25023e-09
9.25023e-09
9.25023e-09
9.25023e-09
9.25023e-09
9.25023e-09
9.25023e-09
9.25023e-09
9.25023e-09
9.25023e-09
9.25023e-09
9.25023e-09
9.25023e-09
9.25023e-09
9.25023e-09
9.25023e-09
9.25023e-09
9.25023e-09
9.25023e-09
9.25023e-09
9.25023e-09
9.25023e-09
9.25023e-09
9.25023e-09
9.25023e-09
9.25023e-09
9.25023e-09
9.25023e-09
9.25023e-09
9.25023e-09
9.25023e-09
9.25023e-09
9.25023e-09
9.25023e-09
9.25023e-09
9.25023e-09
9.25023e-09
9.25023e-09
