0.314186
0.0818191
0.035127
0.0177813
0.0102826
0.0064414
0.00433062
0.00306211
0.00223407
0.00166761
0.0012752
0.000995183
0.000788543
0.000632952
0.000513224
0.000419579
0.000345264
0.000286183
0.000238646
0.000200119
0.000168694
0.000143172
0.000122364
0.00010523
9.11431e-05
7.94815e-05
6.98082e-05
6.17449e-05
5.49824e-05
4.92586e-05
4.4378e-05
4.02169e-05
3.66423e-05
3.35325e-05
3.07904e-05
2.8362e-05
2.62023e-05
2.42715e-05
2.25301e-05
2.09476e-05
1.94973e-05
1.81586e-05
1.69201e-05
1.57773e-05
1.47204e-05
1.37398e-05
1.28294e-05
1.19834e-05
1.11998e-05
1.04755e-05
9.8069e-06
9.1909e-06
8.6225e-06
8.10056e-06
7.62504e-06
7.19443e-06
6.80302e-06
6.44369e-06
6.11399e-06
5.80999e-06
5.52938e-06
5.26866e-06
5.02549e-06
4.79749e-06
4.58249e-06
4.37976e-06
4.18778e-06
4.00479e-06
3.82907e-06
3.66009e-06
3.49823e-06
3.34364e-06
3.19686e-06
3.05716e-06
2.92383e-06
2.79679e-06
2.67613e-06
2.56213e-06
2.45494e-06
2.35439e-06
2.25993e-06
2.17148e-06
2.08834e-06
2.01047e-06
1.9376e-06
1.86939e-06
1.80522e-06
1.74457e-06
1.68696e-06
1.63234e-06
1.58033e-06
1.53053e-06
1.48262e-06
1.43627e-06
1.39129e-06
1.34753e-06
1.30489e-06
1.26339e-06
1.22292e-06
1.18368e-06
1.14581e-06
1.10938e-06
1.07445e-06
1.04104e-06
1.00909e-06
9.78655e-07
9.49659e-07
9.22126e-07
8.96081e-07
8.71419e-07
8.48057e-07
8.25777e-07
8.04537e-07
7.84201e-07
7.64701e-07
7.4596e-07
7.27923e-07
7.10491e-07
6.9362e-07
6.77291e-07
6.6143e-07
6.45943e-07
6.30634e-07
6.15386e-07
6.00137e-07
5.84606e-07
5.67677e-07
5.46174e-07
5.13437e-07
4.6662e-07
4.22257e-07
3.86632e-07
3.43847e-07
3.03432e-07
2.7569e-07
2.42691e-07
2.13173e-07
1.86355e-07
1.5744e-07
1.3488e-07
1.12366e-07
9.54724e-08
8.08807e-08
7.02311e-08
6.15912e-08
5.49053e-08
4.90854e-08
4.41371e-08
3.93242e-08
3.51927e-08
3.11936e-08
2.80869e-08
2.52957e-08
2.31755e-08
2.13991e-08
2.00195e-08
2.00195e-08
2.00195e-08
2.00195e-08
2.00195e-08
2.00195e-08
2.00195e-08
2.00195e-08
2.00195e-08
2.00195e-08
2.00195e-08
2.00195e-08
2.00195e-08
2.00195e-08
2.00195e-08
2.00195e-08
2.00195e-08
2.00195e-08
2.00195e-08
2.00195e-08
2.00195e-08
2.00195e-08
2.00195e-08
2.00195e-08
2.00195e-08
2.00195e-08
2.00195e-08
2.00195e-08
2.00195e-08
2.00195e-08
2.00195e-08
2.00195e-08
2.00195e-08
2.00195e-08
2.00195e-08
2.00195e-08
2.00195e-08
2.00195e-08
2.00195e-08
2.00195e-08
2.00195e-08
2.00195e-08
2.00195e-08
2.00195e-08
