1
0.676877
0.0286984
0.00789821
0.00303357
0.00158962
0.000881871
0.000535293
0.000333551
0.000211466
0.000142283
0.000100157
7.37285e-05
5.67731e-05
4.44374e-05
3.62469e-05
2.98011e-05
2.48913e-05
2.09976e-05
1.77223e-05
1.50992e-05
1.28234e-05
1.09419e-05
9.38285e-06
8.08416e-06
7.02245e-06
6.13605e-06
5.43074e-06
4.86064e-06
4.38714e-06
3.99399e-06
3.63587e-06
3.32398e-06
3.03513e-06
2.75457e-06
2.50534e-06
2.2852e-06
2.09356e-06
1.93071e-06
1.78323e-06
1.65464e-06
1.53587e-06
1.42785e-06
1.33062e-06
1.23576e-06
1.15041e-06
1.07266e-06
1.00074e-06
9.39553e-07
0
0
0
0
0
0
0
0
0
0
0
0
0
0
0
0
0
0
0
0
0
0
0
0
0
0
0
0
0
0
0
0
0
0
0
0
0
0
0
0
0
0
0
0
0
0
0
0
0
0
0
0
0
0
0
0
0
0
0
0
0
0
0
0
0
0
0
0
0
0
0
0
0
0
0
0
0
0
0
0
0
0
0
0
0
0
0
0
0
0
0
0
0
0
0
0
0
0
0
0
0
0
0
0
0
0
0
0
0
0
0
0
0
0
0
0
0
0
0
0
0
0
0
0
0
0
0
0
0
0
0
0
0
0
0
0
0
0
0
0
0
0
0
0
0
0
0
0
0
0
0
0
0
0
0
0
0
0
0
0
0
0
0
0
0
0
0
0
0
0
0
0
0
0
0
0
0
0
0
0
0
0
0
0
0
0
0
0
0
0
0
0
0
0
0
0
0
0
0
0
