1
0.895242
0.0888459
0.0219979
0.00815281
0.00425569
0.00235878
0.00146318
0.000958092
0.000647971
0.000460831
0.000333515
0.000243396
0.000182938
0.000138436
0.00010828
8.50039e-05
6.77356e-05
5.48647e-05
4.47182e-05
3.7314e-05
3.14236e-05
2.69518e-05
2.33537e-05
2.03909e-05
1.7971e-05
1.59329e-05
1.42583e-05
1.28128e-05
1.15793e-05
1.05029e-05
9.54379e-06
8.71162e-06
7.97127e-06
7.32844e-06
6.76596e-06
6.25161e-06
5.7833e-06
5.34025e-06
4.93362e-06
4.56062e-06
4.20869e-06
3.8859e-06
3.58457e-06
3.31703e-06
3.07869e-06
2.86251e-06
2.67095e-06
2.49698e-06
2.34591e-06
2.2109e-06
2.08593e-06
1.97292e-06
1.86819e-06
1.77279e-06
1.68648e-06
1.60615e-06
1.53361e-06
1.46569e-06
1.40154e-06
1.33918e-06
1.27884e-06
1.22229e-06
1.16717e-06
1.11456e-06
1.06472e-06
1.01714e-06
9.73009e-07
0
0
0
0
0
0
0
0
0
0
0
0
0
0
0
0
0
0
0
0
0
0
0
0
0
0
0
0
0
0
0
0
0
0
0
0
0
0
0
0
0
0
0
0
0
0
0
0
0
0
0
0
0
0
0
0
0
0
0
0
0
0
0
0
0
0
0
0
0
0
0
0
0
0
0
0
0
0
0
0
0
0
0
0
0
0
0
0
0
0
0
0
0
0
0
0
0
0
0
0
0
0
0
0
0
0
0
0
0
0
0
0
0
0
0
0
0
0
0
0
0
0
0
0
0
0
0
0
0
0
0
0
0
0
0
0
0
0
0
0
0
0
0
0
0
0
0
0
0
0
0
0
0
0
0
0
0
0
0
0
0
0
0
0
0
0
0
0
0
0
0
0
0
0
0
0
0
0
0
0
0
