1
0.329981
0.00961588
0.0025179
0.000872335
0.000411248
0.000210537
0.000134555
9.28894e-05
6.53214e-05
4.71475e-05
3.41906e-05
2.565e-05
2.02901e-05
1.64832e-05
1.38016e-05
1.1619e-05
9.73025e-06
8.23009e-06
7.05757e-06
6.1142e-06
5.22798e-06
4.44882e-06
3.87117e-06
3.40416e-06
3.00916e-06
2.66574e-06
2.28764e-06
1.85093e-06
1.3414e-06
8.45579e-07
0
0
0
0
0
0
0
0
0
0
0
0
0
0
0
0
0
0
0
0
0
0
0
0
0
0
0
0
0
0
0
0
0
0
0
0
0
0
0
0
0
0
0
0
0
0
0
0
0
0
0
0
0
0
0
0
0
0
0
0
0
0
0
0
0
0
0
0
0
0
0
0
0
0
0
0
0
0
0
0
0
0
0
0
0
0
0
0
0
0
0
0
0
0
0
0
0
0
0
0
0
0
0
0
0
0
0
0
0
0
0
0
0
0
0
0
0
0
0
0
0
0
0
0
0
0
0
0
0
0
0
0
0
0
0
0
0
0
0
0
0
0
0
0
0
0
0
0
0
0
0
0
0
0
0
0
0
0
0
0
0
0
0
0
0
0
0
0
0
0
0
0
0
0
0
0
0
0
0
0
0
0
0
0
0
0
0
0
0
0
0
0
0
0
0
0
0
0
0
0
0
0
0
0
0
0
0
0
0
0
0
0
0
0
0
0
0
0
